0 0.38330078125 0.433382137628 0.0849609375 0.342606149341
0 0.439453125 0.302342606149 0.064453125 0.250366032211
0 0.51904296875 0.6317715959 0.1337890625 0.519765739385
0 0.05029296875 0.232796486091 0.0537109375 0.213762811127
0 0.15478515625 0.123718887262 0.0380859375 0.14494875549
0 0.18212890625 0.255490483163 0.0576171875 0.218155197657
0 0.1669921875 0.64055636896 0.1328125 0.522693997072
0 0.23681640625 0.128843338214 0.0419921875 0.146412884334
0 0.3212890625 0.278184480234 0.0625 0.240117130307
0 0.38671875 0.13616398243 0.04296875 0.146412884334
0 0.47412109375 0.138360175695 0.0439453125 0.147877013177
0 0.56591796875 0.137628111274 0.0517578125 0.152269399707
0 0.11279296875 0.440702781845 0.0576171875 0.345534407028
0 0.57275390625 0.329428989751 0.0654296875 0.263543191801
0 0.64794921875 0.426793557833 0.0830078125 0.335285505124
0 0.744140625 0.374084919473 0.08203125 0.303074670571
0 0.962890625 0.417276720351 0.07421875 0.339677891654
0 0.951171875 0.147144948755 0.04296875 0.156661786237
0 0.84765625 0.147877013177 0.044921875 0.155197657394
0 0.74951171875 0.14494875549 0.0419921875 0.14934114202
0 0.8935546875 0.60980966325 0.130859375 0.513909224012
